0.950005
0.0914308
1
0.949998
0.862167
0.154313
0.838977
0.0738255
1
0.0633177
1
0
0.01
0.207159
0.30464
0.972847
1
0.999875
0.0547348
0.971592
0.527489
0.117176
0.91744
1
1
0.645209
0.987451
0.625229
1
0.113416
0.994
0.278399
0
0.64355
0.733062
0.10048
0.98304
0.111393
1
0.908201
0.0463838
1
0.784741
0.0200559
0.104219
1
0.99
0
1
0.119933
0.146591
0.160203
1
1
0.447015
0.0923078
1
1
0
0.064223
0.0737612
0.110713
1
1
1
0.882202
0.98
0
0.0599459
0.97
0.199675
0.999999
1
0.092769
0.997641
0.155255
0.74979
0.890717
0.990127
1
1
0.079028
0.847622
0.01
1
1
0.05
0.112223
0.141599
0.02
0.01
0.131618
0.511663
1
1
0.02
0.0778806
0.999986
1
0.66983
1
0.0331216
1
0.124002
0.888472
0.540813
0.953542
0.416037
0.165384
0.968782
1
0.355353
0.0506314
1
0.383822
1
0.01
0.0400001
0.999973
1
0.0600015
1
0.994641
0.999735
0.104818
1
1
0.117828
0.0666886
1
0.888746
0.989746
0.99
0.942255
0.748528
0.0587273
1
0.0982841
0.276965
0.99996
0.635391
0.411965
0.916017
0.0307384
0.947921
0.315763
0
0.395352
1
0.112299
0.703096
0.116529
1
0.896236
0.0580505
0.0920489
0.175285
0.974791
0.778889
0.0500003
1
1
0
1
1
0.181721
0.361853
0.41533
0.999833
0.999947
0.59135
0.096404
0.760998
0.542584
0.092991
0.0857197
1
0.361265
0.998734
1
0.146693
1
1
1
0.563206
1
0.783078
1
0.98
1
0.0400001
1
1
1
0.97
0.0908971
0.046997
0.137351
1
0.23491
0.167546
0.694761
0.137846
0.044296
1
0.467676
1
0.986115
0.905043
1
0.727936
0.484418
0.0513291
0.0798151
0.999999
1
1
1
0.999917
0.552099
1
0.212058
0.0537783
0.105921
1
0.0433635
0.97989
0.360399
0.02
0.0594114
0.928027
1
0.0399999
0.0497186
0.230272
0.197892
0.0802966
1
0.145785
1
0.999696
0.0594069
1
0.314303
0.0847475
0.01
0.04
0.0797224
0.069146
0.980008
0.873558
1
0.0715519
0.740832
0.529012
0.0300144
1
0.99989
0.187042
0.999998
0.355685
0.0897646
0.174802
1
1
0.557635
0.154909
1
1
0.331932
0.268115
0.0499999
1
0.0299694
0.06083
0.898988
1
1
0.095628
0.0519383
0.93803
0.120129
0.138509
0.907569
0.751502
1
0.275495
1
0.586773
0.293492
0.999987
0
0.420676
0.02
0.949911
0.821098
0.99
1
1
0.0699944
1
1
1
0.96
0.0585369
1
0.098448
0.552884
0.57706
0.105834
0.0598767
0.973033
1
0.0788179
1
0.991988
0.18857
0.669921
1
0.0528602
0.0799969
0.477329
0.01
0.999313
0.154048
0.840011
1
0.018844
0.0810564
1
0.0201705
0.174862
0.999999
0.170564
0.158496
1
0.739005
0.981486
0.561873
1
1
0
1
0.266211
0.416964
0.0607134
0.99974
0.847364
1
1
1
1
0.0666862
0.0407208
1
0.626745
0.150699
0.448849
0.0805485
0.099042
0.0396998
0
1
1
0.116299
0.486049
0.0604685
1
0.999957
0
0.033924
1
1
0.967239
1
0.218121
0
0.0646475
0.0500045
0.131189
1
0.163073
0.145011
0.999966
0.0821076
0.98
0.96
0.057168
0.954103
1
0.223677
0.131447
1
0.794054
0.161424
0.02
0.652175
0.468397
1
0.0401707
0.996091
1
0.973439
1
0.0952628
0.109558
0.0896787
0.185434
0.717352
0.921758
0.0780871
0.0799281
1
1
0
0
0.0602029
0.838125
1
0.999997
1
0.0361069
1
1
1
0.0893391
0.0896203
0.999994
1
1
0.23911
0.114358
0.603925
0.02
0.875153
0.0508806
1
0.920783
0.147021
0.01
1
0.636164
0.107671
0.01
0.32492
1
0.0920617
0.160694
1
0.050085
0.0659764
0.316478
0.974851
0.343332
0.935606
1
0.082326
0.106462
0.985783
0.561273
0.854369
0.04
0.0866876
0.809555
0.59511
0.970025
0.692238
0.219464
0.361813
0.0814404
0.0610224
0.0399999
0.0399997
0.999069
1
1
0.999813
1
0.095754
0.911261
0.804166
0.130006
1
0.887229
1
0.216454
1
0.847475
0
0.13082
0.0667338
0.1012
0.0597151
0.0495183
0.39798
0.658965
0.999999
0.257071
0.02
1
0.310825
0.124754
0.444915
0.273194
0.423421
0.99934
0.0834374
0.999037
0.143689
0.10169
1
0.992179
0.878876
0.185127
0.166222
1
0.999933
0.755244
0.457857
0.884766
0.805312
1
0.17602
0.138429
1
0.177824
1
0.194573
0.891464
0.360222
0.212106
0.102277
1
0.08015
1
1
0.554937
1
0.577897
0.99
0.0823904
0.583335
0.0300815
0.42001
1
1
0.911163
1
0.046646
1
1
0.0942285
0
0.0819485
0.878295
1
0.653017
1
0.131141
0.125752
1
0.693653
0.128626
1
0.57446
0.0300366
1
0.401015
0.63353
0.637065
0
0.0739495
1
0
0.01
0.99
0
0
0.184454
0
1
1
0.990039
1
0.232435
0.0901064
0.0399999
0.336971
0.0652154
0.382685
0.0600339
0.0856074
1
1
0.899422
0
0.999634
0.02
1
1
1
0.797653
0.688123
0.0502307
1
0.383723
0.01
0.92997
0.0786529
0.202723
0.599041
0.0950879
0.01
0.15111
1
0.407971
0.03
0.990206
0.733144
1
0.122094
0.0541726
1
0.147774
0.0399994
0.428874
1
0.01
0
0.999953
0.289467
1
0.117553
1
0.753441
0.189058
0.0500016
0.107665
0.999104
1
0.01
1
1
0.902663
0.0451709
0.0484999
0.836825
0.932375
1
0.0799352
0.0609255
0.206125
0.073389
0.788609
0.893263
0.999984
0.119987
0.0982181
0.02
1
0.345814
0.708691
0.152265
0.984598
0.582357
1
1
0.0908045
0.97717
0.0669287
0.04
0.579186
0.0300049
1
0.0785168
0.981202
1
1
0.255367
0.04
0.0945419
0
0.195164
1
1
1
0.0905835
0.58894
0.999943
1
1
0.0192873
0.268149
0
0.03
0.0825787
0.0812195
0.116282
1
0.23497
0.102055
0.98
0.105284
0.0802756
0.114161
0.0724742
0.99459
1
0.869934
0.01
0.113902
0.13541
0.440309
1
0.999778
0.987414
0.0743048
0.402469
0.745456
1
1
0.01
0.96634
1
0.848951
1
0.292421
0.437513
0.980757
0.999965
1
0.963671
0.654831
0.812573
0.0480065
0
1
0.687055
0.0443563
0.88395
0.0601395
1
0.124522
0.999961
1
0.999982
0.0871486
0.999371
1
0.157598
0.999888
1
0.06
0.189202
0.739954
0.982289
1
1
0.167016
0.0583766
0.02
0.124937
0.02
0.0300288
0.127426
0.0895933
0.315912
1
0.999971
0.899219
0.0909403
0.0501127
0.186692
1
0.999987
0.790856
0.0731392
0.885378
0
0.9095
0.755721
0.530859
0.999998
0.11644
0.03
0.138154
0.99903
1
0.0873342
0.0106153
1
0.0927195
0.250357
0.0686789
0.0566254
1
1
1
0.833766
0.0866457
1
0.706979
0.37672
0.826549
0.157555
0.999999
0.337426
1
0.135526
1
0.999761
0.230132
1
0.0804761
0.99993
0.091689
1
0.990003
1
0.985439
0
0.0199938
0.332748
0.956523
0.128904
0.824811
1
0.110572
0.0994169
0.935116
0.285476
0.667785
1
0.158962
1
1
0.0974924
0.0893945
1
1
1
0.98
0.01
0.04
1
0
0.175924
0.909062
0.962057
0.897383
0.559167
0.998677
0.269837
0.531108
1
0.870517
1
3.34066e-15
1
0.941083
0.636773
0
0.0752615
1
0.984563
0.10761
1
1
0.0599863
0.722324
0.073299
0.879868
1
0.514687
0.0520356
0.112049
1
0.552351
0.999825
1
1
0.0200006
1
0.599268
0.01
0.995432
0.0500009
1
0.828514
1
0.564144
0
0.0827582
1
0.0589523
0
0.10637
0.214988
0.192957
0.0722165
0.01
1
0.729668
1
1
0.959989
0.931875
0.283078
0.0988153
0.0365417
0.128014
0.674543
1
0.999214
0.997828
1
0.151847
0.0794653
0.609513
0.603807
0.880842
0.999402
0.108981
0.886211
0.0404743
0.81799
0.479538
0
0
1
1
0.683935
0.923091
1
0.99675
0.99
1
0.100039
0.06
0.0603627
1
0.02
0.0927464
0
0.128948
1
0.63867
0.218821
0.0799998
1
1
0.337776
0.195709
0.66401
0.0983649
0.400169
0.997102
0.0401101
0.894305
0.131428
0.24994
0.185969
0.01
0.0883176
0.0983362
0.209536
1
0.618345
0.087044
0.0500352
0.999991
0
1
1
1
0.999886
1
0.56296
0.277152
0.588169
1
1
0.713049
0.276297
0.0716619
0.0313588
0.979997
0.749873
0.186035
0.343544
0.0473409
0.211833
0.232563
0.0501043
0.0601339
0.26802
0.999996
0.684277
0.0821026
0.02
0.0604972
0.969713
0.999773
0.0804485
1
0.707128
0.0900145
0.0962281
0.133079
0.133069
0.303886
0.0695653
0.181079
0.125573
0
0.303529
0.510927
0.458517
1
0.0804807
0.643429
0.433093
0.12439
0.122487
0.12859
0.980511
0.114049
0.0306584
0.580795
1
0.99
1
0.086645
0.999999
0.273146
0.147468
0.0500789
0.194063
0.674128
0.01
0.314709
0.823126
0.148953
1
0.0217032
0.99
0.799639
0.0599989
0
0.098951
0.0831064
0
0.99972
0.356182
0.712308
0.556763
0.972972
0.0811143
0.0847949
0.0521809
1
0.0400939
1
0.183322
0
1
0.674245
0.194956
1
0.0993876
0.0599987
0.133937
0.0879143
0
1
1
0.451022
0.0364583
1
0.865591
1
0.03
0.962091
0.999936
1
1
1
0.0200001
0.0956409
0.117011
0.99
0.0713267
1
0.00315184
0.153181
1
1
0.24488
0.03
1
0.149059
0.04
1
0.986066
1
1
1
0.952309
1
0.91739
1
1
0.999837
0.059288
0.81568
0.867395
1
1
1
0.807643
1
0.102476
0.241906
0.0903332
0.0325463
1
0.01
0.971326
1
1
0.119603
0.100795
0.656972
0.217697
1
0.999607
0.184941
1
0.117179
0.0592981
0.01
0.191237
0.383637
0.189308
0.411518
0.974378
0.897216
1
1
0.968403
0.0907817
0.99
0.523596
1
0.0998469
0.160161
0.129728
1
1
0.944469
0.03
0
0.999998
0.555429
0.109007
0.995901
0.88998
0.963762
0.0931911
0.252526
0.799276
0.0953353
1
0.075041
0.03
0.999789
0.086439
0.242204
0.227526
0.0634118
0.0599978
0.618528
1
0.263921
0.998834
1
0.477896
0.01
0.448874
0.563305
0.999858
0.166766
0.0826705
0.777376
0.116347
1
0.91807
0.958128
0.586247
0.0297937
0.154542
0.0738284
0.66065
1
0.0678288
0.0867471
0.99514
1
0.999925
0.394473
0.291165
0
1
0.814466
0.0807339
0.07651
0.01
0.998721
0
0.295098
0.27257
1
0.924973
1
0.331893
0.0622229
0.867539
0.0636042
0.351912
0.0590466
1
1
0.01
0.998339
0.0705398
0.0894922
0.169526
1
0.545991
0.172005
0.118782
0
0.999359
1
1
0.98
0.0400078
1
0.410083
0.999928
0.381581
0.982397
1
1
0.131845
0.994962
1
0.880412
0.83545
0.0780096
0.999999
1
0.0444845
0.083485
1
1
0.130299
0.109658
0.0749306
0.99
0.254409
0.387988
1
0.996438
0.108004
0.211712
0.240828
0.04
0.531635
1
1
0.01
0.0888784
0.02
1
1
1
1
0.01
1
0.998933
0.0100003
1
1
1
1
1
0.103569
0.98
0.87515
0.826388
0.132181
0.883017
0.315365
0.0710973
1
1
0.151481
1
0.681529
0.964207
1
1
1
0.0397947
1
0.291135
0.998162
0.981451
1
0.694741
0.963107
0.658223
1
0.237878
0.193414
1
0.808797
0.831513
0.521646
0.978076
0.01
0.0577123
0.0807892
0.997274
0.157739
1
1
0.577185
0.109377
0.999939
1
1
1
0.98408
1
0.0784232
1
1
0.383301
1
0.0813945
1
1
0.998175
0.516807
1
0.0609215
1
0.767163
0.894443
1
0.0699442
1
0.03
0.128367
0.833616
0.173134
0.973822
0.343244
0.01
0.992943
0.0903395
1
0.078924
0.992891
0
0.77142
0.952774
0.03
0.999988
0.105419
1
1
0.0603604
0.01
0.95
0.0300001
0.044066
1
0.998021
0.0946534
0.341316
0.0628494
0.0585153
0.748055
1
1
0.999488
0.02
0.999607
0.0604563
1
0.02
0.049989
0
0.0703197
0.143448
0.0970843
0.129231
1
0.999774
0.01
1
0.995285
1
0.99748
0.999999
0.927504
0.1159
0.990025
1
0.979088
0.952937
0.161238
0.582106
0.086646
0
0.999758
1
0.154643
1
0.0620202
0.0879165
1
0.994148
0.111394
0.214159
0.287097
0.224583
0.990001
0.0601088
1
0.0299999
1
1
0.999996
0.0222098
0.0936676
0
0.839611
0.916075
0.0877506
1
0.998356
1
0.135777
0.04
0.822019
0
0.989891
0.0832154
0.136979
0.0945773
0.715152
0.03
0.71598
0.0106727
0.409738
0.0300601
0.105466
0.991736
0
0.726188
0.115088
0.814461
1
0.987279
0.328836
1
0.0979947
1
0.588874
0.135877
1
0.0811344
0.969482
1
1
0.137029
0.169885
0.808042
0.20349
0.95053
0.766983
1
0.841248
0.0711296
1
0.0500015
0.0835606
0.0608055
1
1.66533e-18
0.128792
0.03
0.319391
0.0771184
0.950113
0.985572
0.123085
0.995324
1
0.102226
0.0793599
0.22795
0.998556
0.338053
0.997486
0.0643441
0.204542
0.428484
0.84705
1
0.999997
0.0616502
0.662959
0.992557
0.721205
1
1
0.553604
0.153597
0.069154
0.62422
0.602313
0.313861
0.893934
0.251907
0.0400109
0.04
0.0699866
0.307364
0.999997
1
1
1
0.0141618
0.847382
0.818478
0.971424
0.615708
0.0299322
0.15451
0.150699
0.658455
0.99
0.403969
0
0.184991
0.835671
0.0628723
0.121262
1
1
0.226826
1
0.0740314
0.984948
0.320676
0.0208311
0.0834733
0.535352
1
0.902436
0.15987
0.728796
1
0.198497
1
0.0597214
1
0.180227
0.773309
1
0.0707263
0.19189
1
0.764908
0.113771
1
0.0489171
1
0.290463
0.557363
0
0.250756
0.906216
0.136179
0.257827
0
0.800509
0.10005
1
0.0598441
1
1
0.995876
0.02
0.509443
1
0.999165
0
0.0789508
0.0904461
1
0.121794
0.101409
1
0.0403147
1
0.0510475
0.408491
1
1
0.994283
0.535591
0.038763
0.0602029
0.0898764
1
0.108523
0.320819
0.973776
0.01
0.123757
0.01
1
0.956432
1
0.999993
0.99
1
0.988024
0.0226392
1
0.17467
0.504468
1
0.714972
0.97
0.125388
0.677767
1
0.10167
1
0.694515
1
0.67165
0.13674
0.245
0.18463
1
0.89
0.552572
0.0931404
0.0948603
0.762514
0.541078
0.0782222
0.0499994
0.564599
0.100878
0.439321
0.01
0.252637
0.0991674
0.681213
0.0798633
1
0.0879205
0.171878
0.967952
0.0984254
0.991764
0.0713131
0.675789
0.01
0.98
0.0401822
0.18023
0.0408889
0.98179
1
0.04
0.178194
0
1
1
0.95003
0.0974795
0.01
0.534601
0.295532
0.351261
0.179042
0
0.113239
0.02
0.233724
0.951953
0.338649
1
0.0933777
0.812426
0.996815
0.0787345
0.992536
0.99
0.520376
0.999923
0.280636
0.10204
0.23319
0.0602691
1
0.822044
0.247805
0.565945
0.048875
0.500957
0.0640298
0.430702
0.927902
0.987883
1
0.02
0.93156
0.824259
0.119997
0.996415
0.0907036
0.291276
0.991896
1
0.0928655
0.443692
0.00623514
0.276922
0.050003
0.0644532
0.83312
0
0.0902235
1
0
0.375137
0.775247
0.0334729
1
2.16971e-09
1
1
0.127882
0.651069
0.630931
0
0.0804542
0.986931
1
1
0.221072
0.0787
0.99985
0.122109
1
0.96
0.192088
0.093516
0.954139
0.539321
1
0.94299
0.0599999
1
0.0800319
1
1
1
0.894967
0.443983
0.366635
1
0.999824
0.231393
1
0.094999
1
0.0996069
0.0600103
0.065039
1
0.374797
0.0435616
0.0528165
1
1
0.0707627
1
0.0923322
0.0745151
1
0.180449
1
0.1357
0.342355
0.935589
1
0.617596
1
0.458043
0.0805042
0.999997
1
0.81042
1
0.0453515
0.0429837
1
0.772964
0.428715
1
0.177352
1
0.02
0.162321
0.225763
1
0.0971273
1
0.957953
0.10163
0.124539
0.969077
0.0402203
0.28807
0.150226
0.955083
0.80833
0
0.999729
1
0
1
1
0.963653
0.069756
1
0.659269
1
0.0961796
0.791714
1
0
0.25681
0.117238
0.147017
0.0621513
0
1
0.989593
1
0.256077
0.0401903
0.240324
0.0697822
0.596353
0.155565
0.502993
0.99984
1
0.419255
0.138828
0
1
1
0.959884
1
0.160368
0.0779179
0.147099
1
0.673988
0.0950089
0
0.0868903
0.665303
1
0.99224
0.0170542
1
0.192658
0.152445
0.161551
0.927272
0.477334
0.998713
1
0.0660877
0.0747011
0.0200713
0.0402609
0.130567
0.26917
0.03
0.333552
0.150174
1
0.0299999
1
0.202521
0
0.953863
0.999159
0.988093
0.0817507
1
0.370489
1
0.182128
1
0.138315
0.120724
0
0.409074
1
0.140368
0.237739
1
0.999973
1
0.999432
0.0099997
0.16743
1
0.15714
0.0635366
0.128017
0.892578
0.0608323
0.652469
0.0600105
0.02
0.03
0.119199
0.0500035
0.102347
1
1
0.99
0.0592883
0
0.99
0.483803
0.638658
0.100141
0.01
0.270681
0.991204
0.518899
1
1
0.0493536
0.0487628
1
1
0
0.0610184
0.06
0.0901039
0.114596
0.142131
1
0.303017
1
0.99
0.278211
0.0993773
0.99
0
1
0.0677378
0.108288
0.570457
0.999987
1
0.01
0.99
1
0.0300134
0.106495
0.0690049
0.861757
0.0534924
0.969084
0.30968
0.04
0.0607539
0.05
0.994944
0.04
0
0.179325
0.147977
1
0.279904
1
0.554094
0.909697
1
0.9628
0.101836
0.04
0.0956037
0.997611
1
0.0794248
0.752917
0.769716
0.94021
0.00999553
0
0.529856
1
1
0.143805
0.24236
0.409431
0
2.99052e-08
0.069512
0.0300393
0.366024
1
1
0.993967
1
0.999993
1
0.12896
0.846038
0.984228
0.99
0.671448
0.146927
0.99997
0.0528006
1
0.675471
0.193883
0.171569
0.230906
0.999718
0.0500229
0.64518
0.249343
0.273142
0.958867
0.05
0.9394
1
0.04
0.0968488
0.092614
1
0.200768
1
0.248414
0.142347
0.0711482
0.141017
0.899266
0.99
8.64307e-08
0.722796
0.0859712
1
1
0.242906
1
1
0.587215
0.0829163
0.504978
0.995108
1
0.997487
1
1
0.0975529
0.714722
1
1
0.102031
0.99
0.0801259
0.11639
0.01
0.515075
0.978436
0.0100117
0.726151
0.982862
0.663165
0.05
0.297979
0.0911518
0.03
1
0.667657
0.999879
0.0740611
0.785236
0.0765897
0.118144
0.414879
0.0780041
1
0.397402
0.139319
0.106382
1
0.0762763
0.650394
0.353223
0.0299964
0.0693305
1
0.96
1
1
0.990489
0.832743
0.533399
0.991699
0.577606
0.979999
1
0.997286
1
0.936524
0.98
0.127262
0.991739
0.0419226
1
0.458938
0.998895
0.494309
1
1
0.050093
0.0984394
0.969935
0.98
0.270225
1
0.0290213
0.999974
1
1
0.999397
0.781636
0.040003
0.113324
0.0724071
0.997232
0.18767
0.111158
0.142896
0.049969
0.0694642
0.10349
0.16786
0.112458
0.0974927
0.0301057
0.898411
0.081373
0.836778
0.187686
1
0.04
0.0898454
0.241047
0
1
0.606458
0.0485534
0
0.02
1
0.0897892
0
0.0504505
0.0997903
1
1
1
1
0.0615265
0.0300168
1
0.0937735
0.999999
1
1
0.999764
0.744165
0.513836
0.0200002
1
1
0.99
0.987133
0.998601
0.81674
0.816622
1
0.0823061
0.01
0.141953
1
0.03
0.999353
0.0502063
0
0.995939
0.0756816
1
0.03
1
0.25109
0.591686
1
0.237563
0.529583
0.0822656
0.999692
1
0.642764
0.272251
0.01
0.212905
0.72605
0.151452
0.135753
0.348935
0
0.190105
1
0.01
0.533824
0.131213
0.247727
0.0399961
1
1
1
0.883057
0.02
0.0485858
1
0.99
0.01
0.917788
0.190019
0.02
0.710464
0.229944
1
0.598336
0.955789
0.367489
0
0
0.729533
0
1
0.814708
0.585212
0.536224
0.0597466
0.351846
1
0.121719
0.01
0.259315
0.736055
0.448154
1
0.770813
1
0.995691
0.0880451
0.965672
0.106008
0.01
0.05
0.0919756
0.193331
0.0702062
1
1
1
0.783745
0.573166
0.11976
0.0846809
0.328
0.262656
0.690969
0.0886616
1
0.3219
0.545271
0.0699122
1
0.121922
0.612454
1
1
0.845622
0.1709
0.51441
0
0.0749815
0.838393
0.02
0.147281
1
0.992434
1
0.140147
0.670184
1
0.782508
0.999817
0.385568
1
0
0.49702
1
0.645058
1
1
0.207543
0.112829
0.39002
1
0.999999
0
0.155058
0.988545
0.614982
0.223418
1
0.432932
0.139601
0.120319
0.03
0.636768
0.164938
0.977317
0.999889
0.01
0.969995
0.123775
0.586104
0.530882
0.999923
0.357943
0.548489
0.10903
1
0.999847
0.924349
0.01
0.0621686
0.997135
0.0501653
0.00108861
8.88789e-15
0.685453
0.11046
0.0490106
0.870985
0.788095
0.0695526
0.211664
1
1
0.986378
0
0.298106
0.106267
1
0.787863
0.01
0.157281
0.155378
0.617954
0.967943
0.525105
0.899505
0.865493
0.619287
1
0.02
0.197703
0.98706
0.997312
0.142812
0.087192
1
0.131258
1
0.989799
1
1
0.122706
0
1
1
0.113121
0.405609
0.50762
0.111433
1
0.0698008
0.198844
0.558592
0.078436
1
0.188313
1
0.0672143
1
1
1
0.996805
1
0.634689
0.232362
0.02
1
0.999868
0.0844218
1
0.50943
0.997087
0.0608993
0.996984
0.86127
0.27452
0.03
1
0.85981
0.828605
1
0.182082
0.0914799
0.122324
0.131781
0.603275
1
0.0486091
1
0.795913
0.80536
1
0.216748
0.512024
0.168361
0.99
0.472606
1
0.101312
1
0.130547
0.0600132
0.803396
0.0902968
0.994723
0.925966
1
1
1
0.995756
0.0500726
0.0840914
0.0200064
0.0800911
0.049621
0.453922
0.999927
0.0654244
0.989638
1
1
0.0897801
0.0961341
0.971533
0.0924096
0.997843
0.06
0.25051
0.0877921
1
1
0.355682
1
1
1
1
0.302953
0.674395
0.01
0.0399399
0.0952426
0.79325
0.0936952
0.01
1
0.0794921
0.049835
0.0656851
0.783979
0.953369
1
0.138806
0.01
0.134775
0.193232
0.0408232
0.0399071
1
0.930875
1
1
0.99
0.0831214
0.978099
0.108893
1
1
1
0.458297
0
0.839136
0.0644301
0.98999
0.952312
0.700183
0.079413
1
0.99
0.999809
0.988752
0.733771
0.128403
1
0.0787084
0
1
0.01
1
0.0698765
0.965455
0.0698874
0.0935381
0.0703209
0.113716
1
0.999725
0.29792
0.04
1
0.0993312
0.0818363
0.992916
0.492049
0.45528
0.01
1
1
0.665438
0.0527089
0.0908324
0.164022
1
0.0284309
0.786314
0
0.0499605
0.4727
0.611275
0.765308
0.0881824
0.03
0.649053
0.421752
0.198723
1
0.635855
0.0101067
0.42412
0.0105648
1
0.03
0.242367
0.0812384
0.01
0.0100163
0.996864
0.679706
0.0859996
0.699144
0.654153
0.0857742
0.0863896
0.999972
0
0.999989
0.0513915
0.99999
0.0956434
0.545905
0.994493
0.0846963
0.426766
0.95369
0.732246
0.02
1
0.0595869
1
1
0.556372
4.76946e-08
0.0436764
1
0.999941
0.081397
0.306435
1
0.407085
0.724338
0.0241221
0.999053
0.128265
0.667235
0.0713749
0.778274
0.112951
1
1
0.109647
1
1
0.235376
0.167122
0.397398
0.0809771
0.121742
0
1
0.0728985
0.614046
0.510702
0.0892877
1
1
0.250799
0.696041
1
0.574813
1
0.0809587
0.0898319
0.0849196
0.102762
0.0595267
0.341907
0.115463
0.98
0.01
0.99
1
0.167248
0.02
0.0978075
0.226463
0.130093
1
0.827703
0.129449
0.768436
0.10044
1
0.679796
1
0
0.157181
0.990188
0.460948
0.145844
1
0.902244
0.304157
0.653671
1
0.0962871
0.0400354
0.144289
1
0
1
0.844484
0.999995
0.937378
0.708124
1
0.12993
0.917794
0.0722755
0.210933
0.0821159
0.537814
0.0259282
1
0.719851
1
0.183003
0.667603
0.898184
0.107003
0.611281
0.15341
0.211551
0.0500009
0.254912
0.401712
1
0.174087
1
0.968
0.05
0.03
1
0.969466
1
0.999981
0.991955
0.871516
0.11211
0.581515
0.622339
0.173937
0.0398232
0.668619
1
0.405317
1
0.164396
0.605175
1
0
0.888114
0.0999227
0.102804
0.602429
1
0.0399993
0.03
0.98
1
0.999521
0.0363384
1
0.138359
1
1
0.139124
0.131332
0.532206
0.0871389
0.03
0.0225393
0.995175
0.135688
0.194576
0.206217
0.966606
0.124759
0.380551
0.918462
0.218309
1
0
1
0.287373
1
0.102988
1
1
0.99
0.952368
0.13098
1
0.177816
0.0405484
0.0921361
0.879137
1
0.140294
0.73987
0.142269
0.999937
1
1
0.0956075
1
0.117275
0.0419412
1
0.403764
0.0706759
0.0100005
0.646616
0.489518
0.715585
0.98
0.142767
1
0
0
0.720097
0
0.393117
1
1
0.99639
0.999197
1
0.0778477
0.107012
0.40893
0
1
0.861099
0.0821332
0.588908
0.0602659
1
1
0.976913
1
0.330447
0.518455
0.937877
0.0983695
0.522676
0.136164
0.999871
0.0831085
0.0608675
0.0827244
0.626797
0.183963
1
0.814163
0.140737
0.988259
1
0.0140639
0.0600015
1
0.110176
0.18446
0.999982
1
0.0399993
1
0.249678
0.0619585
1
0.0400065
0.713438
0.055456
1
0.0927601
0.143635
0.999959
0.772061
0.999999
0.778161
1
0.558192
0.985549
0.04
0.0821632
0.99965
0
0.749755
0.335589
0.71436
0.0584128
0.04
0.895167
1
1
1
0.108818
0.03
0.288208
1
0.0101805
1
0.086464
0.818082
0.589555
1
0.999303
1
0.219462
0.374798
0.04
0.0718642
0.94029
0.0316849
0.188469
0.47281
0.0400005
1
1
0.386508
1
0.616966
0.922542
0.999997
0.02
0.483206
0.573092
1
0.129446
1
0.262658
0.130497
0.347093
9.05327e-13
0
2.99583e-09
0.200871
0.999974
0.0480067
1
0.0651511
0.826283
0.983484
0.791459
0.260005
0.0600736
0.0602515
1
1
1
1
1
0.0700444
1
1
0.488637
1
1
0.98
0.999902
0.02
0.108234
1
0.962809
0.132171
0
0
0.617447
0.857227
0.481618
0.0905034
0.483356
0.121139
0.0499403
1
1
0.359828
0.137108
0.0943079
1
0.0499719
1
0.766454
0.980248
0.0500077
0.0400489
0.100101
0.868274
0.0201549
0.959589
0.990344
0.0912216
0.999991
0.926512
0.0956151
0.826564
0.551307
0.0607585
0.946536
1
0
0.114096
1
0.277423
0.117602
1
1
0.992496
1
0.968644
0.02
0.141191
0.97
0.658733
0.465781
1
0.982178
1
1
1
0.956652
0.0574806
0.315064
0.99
0.0946016
0.01
0.166593
0
0.0428365
1
0.155526
1
0.163026
1
1
0.0883343
0.999986
1
1
1
0.04
1
0.143144
0.0898327
0.0935452
0.03
1
0.970533
0
0
0.985615
1
0.00395185
0.997216
0.876794
1
0.188751
0.725316
0.999929
0.174068
0.724954
0.84352
1
1
0.985321
0.99
0.892426
0.629776
0.0206938
1
0.02
0.97053
1
1
0.999998
1
0.124324
0.99508
1
0.0929185
0.999947
0.0801442
0.88106
0
0.534542
0.645897
0.03
0.0736539
0.0444622
0.477177
0
0.0827851
1
0.105904
0.971464
0
1
1
0.14602
0.03
0.0892141
1
0
0.99881
0.993402
1
0.244207
0.823024
1
0.062041
0.713364
0.737087
0.99
0.930002
0.999661
0.136885
0.337251
0.978409
0.622354
0.647274
0.150936
1
1
0.999992
1
0.0684388
0.822173
0.473873
0.337358
0.999976
1
1
0.148874
0.939654
0.67254
0.121692
1
0.999919
0.03
0.01
0.98
0.0802679
0.01
1
1
0.132976
0.0981998
0.802567
1
0.89511
0.0297279
0.0803584
0.163507
0.04
0.969955
1
0.999141
0.0400067
0.383897
1
0
0.386458
1
0.868947
1
0.0750726
0.879184
0.999999
1
0.0906525
1
0.769886
1
0.266417
0
0.02
0.501062
0.02
0.988574
1
0
0.77384
0.0916493
0.999946
0.99
1
0.01
0.0956916
0.01
0.0684246
1
0.111721
0.0299887
1
1
0
1
0.994146
0.648645
0.0702989
1
1
0.598482
0.83394
0.97
0.999996
1
0.924938
0.96775
0.201828
0.994393
0.99
0.228071
0.490804
0.416203
0.999998
1
0
0.999998
0.989078
1
0.875402
0.922738
0.02
0.155289
1
0.177898
0.989969
0.103446
0.780793
1
0.224826
0.11986
0.075674
0.0955323
0.874434
1
7.39964e-16
0.728879
0.133336
0.0795361
1
1
1
1
1
0.282334
1
0.01
0
0.11021
0.999973
0.999989
1
0.997411
0.0499991
0
0.495279
0.229788
0.209676
0.0976754
0.144914
0.0630854
0.439149
1
0.0920539
0.239665
1
0.0912864
1
0.0814526
0.135648
0.951822
0.01
0.97
1
0.160485
0.227746
0.855255
0.582075
0.826011
0.175506
0.04
0.652712
0.951848
0.372036
1
1
1
0.0935424
1
0.708829
1
0.859576
0.309902
0.995232
0.37645
0.0352186
0.041424
0.0897237
0.879488
0.0200097
1
1
0.03
0.272432
0
0.99
0.801139
0.701388
0
0.0491213
1
0.220376
0.0399999
0.694087
1
1
1
0.460948
1
1
0.995173
0.0806989
1
0.01
1
0.0871225
0.948324
0.559668
0.0107888
0.447929
0.999912
0.01
0.0499332
0.103194
0.157162
0
0.00158396
0.139729
0.02
0.030122
0.0301375
0.999806
0.789862
0.223783
0.14805
0.746085
0.02
1
0.0844642
0.209113
1
0.72461
0.0978471
0.0804741
1
0.162113
0.030189
0.261877
0.989733
1
0.930163
0.724853
0.84315
0.203739
1
0.081832
0.537434
0.8703
0.245519
0.0954639
0.143421
0.037026
0.050027
0.0300548
0.821804
0.0967028
0.189107
0.0912937
0.578113
0.800343
1
0.02
0.155282
1
0.0625867
0.438046
1
0.01
1
0.0472678
1
0.676672
1
0.990168
1
0.109924
0.0685156
1
0.01
1
0.0871968
0.0933509
0.521189
1
1
0.999992
0.750734
1
0.275216
0.0818852
0.11229
0.938428
0.167148
0.0832238
0.999735
0.0698859
0.0745592
1
0.0306682
0.0719279
0.0673205
1
0.0906603
1
0.964231
1
1
1
1
0.251925
0.01
0.736482
0.901061
0.962114
0.667644
0.721339
0.48752
1
0.0400007
0.485289
0.118703
1
0.779183
0.18675
0.249101
1
0
1
0.181362
0.427782
0.0839678
0.99
0.100808
0.142068
0.0615069
0.990029
0.97
0.998195
1
0.688371
1
1
1
0.04
0.989962
0.110245
1
0.138345
0.0768581
0.132317
0
0
1
1
0.59238
0.232465
0.794358
0.999558
0.132818
1
0.99
0.999777
0.114442
0.790666
1
1
1
0.331968
0.982131
0.0600092
0.01
1
0.02
0.0925151
0.109696
0.482108
1
0.999997
0.342529
0.0703533
0.294654
0.625098
0.02
0.0930516
0.936147
0.272854
1
0.683469
0.01
1
1
0.746136
0.126632
0.132947
0.208699
0.977781
0.997756
0.247196
0.143188
0.160427
0.996241
0.800865
0.574452
0.99
1
0.898336
0.99
0.342293
0.104493
0.997341
0.0707784
1
0.989919
1
0.722478
0.418742
1
0.111287
1
0.0946613
0.0805645
0.416112
0.114838
0
0.262605
1
0.0500504
0.01
1
0.175547
0.191624
5.21749e-15
0.01
1
0
0.176605
0.03
0.728189
0.286986
0.783455
0.0700569
1
1
0.958718
0.04
0.731083
1
0.0837282
0.120508
0.46274
0.108676
0.730944
0.142736
0.307855
0.576824
1
0.411344
1
0.402221
0.0803045
0.0691163
1
0.104369
1
1
0
0.100787
0.0500044
0.0812365
0.0895134
0.0937168
0.0599732
1
1
0.400523
0.871226
1
0.876268
1
0.0600362
0.999975
0.398086
0
0.42035
1
0.060256
0.624986
1
0.639658
1
0.04
1
1
1
0
0.143796
1
0.0800713
0.443428
0.0578836
0.238072
0.0299995
0.835806
0.00622481
0.099834
0.364038
0.0540492
0.0766673
0.232416
0.264302
0.126353
0.959898
0.01
0.127354
0.98
1
0.9962
0.102807
0.999997
1
0.555426
0.318789
0.123689
0.227913
0.187412
0.0517401
0.80448
0.02
0.999768
0.118837
0.0177967
0.374056
1
0.455903
1
1
1
0.95515
1
0.972973
0.01
0.0649873
0.707507
0
0.996437
0.991827
0.957263
0.556855
0.176518
0.04
1
0.999994
0.0804711
0.0113429
1
0.99998
0.535258
0.984187
0.745179
0.146278
1
0.790516
1
1
0.98
0.116511
1
1
0.731265
1
0.794782
1
0.0896394
1
1
0.01
0.126796
0.85128
0.996504
0.367932
1
0.140958
1
0.0800469
0
0.00999695
0.205085
0.97
1
0.0820474
0.0814006
0.173926
0.0918697
0.0499978
0.488172
0.99
1
0.385585
1
0.0705205
0.288131
1
0.2004
0.841922
0.0974249
0
1
0.0812024
0.949358
0.97
0.99999
0.99
0.148273
0.0598875
0.178234
0
1
1
0.144568
0.105112
0.0499952
0.406583
0.374776
1
1
0
0.091088
0.169641
1
0.994634
0.358851
0
1
1
0.111738
0.25951
0.165186
1
0.99
0.121976
0.0623612
0.118048
0.122958
0.0891012
0.1102
0.0962573
1
0.930452
0.26552
0.999107
1
0.870562
0.0310991
1
0.0106719
0.407088
0
0.0624798
0.852111
0.476006
0.0320721
0.950805
0.239659
1
0.654556
0.582577
0.998511
0.856551
0.058472
0.0500024
0.04
0.342105
0.078525
0.0484499
0
0.0714238
0.814357
1
0.865553
1
0.113841
0.321402
1
0.235337
0.0403439
0.13573
1
0.29908
0.152448
1
0.01
1
1
0.871736
1
0.111506
0.184433
0.693825
0.871477
0.190279
0.863891
1
1
0.421289
1
0.0788248
0.100794
0.302143
0.613409
0.680142
0.178472
0.0601085
0.999654
0.532187
1
0.998904
0.0860355
0.0365955
0.0967509
0.271062
0.805002
0.0625838
0.119556
0.168807
0.445086
0.111272
0.02
0
1
0.0919896
0.414353
0.540504
0.805532
0.0311129
0.489178
0.43164
0.190759
0.190643
0
1
0.100201
0.841109
0.0633414
0.154782
1
0.0400105
0.683814
0.281428
0.493254
1
1
0.999893
0.94525
0.0395001
0.27612
2.77556e-18
1
0
0.99976
1
1
0.218973
0.0916777
1
1
0.660573
0.0813061
0.244748
0.985402
0.0602677
0.780188
0.999979
0.865366
1
0.111466
0.626399
0.407379
0.110526
0.0732565
0.969083
0
1
0.950056
0.0929965
1
0.13456
0.169655
0.88985
0.0362392
0.85423
0.520838
0.29338
0.0784455
0.02
0.775588
1
0.125747
0.120251
0.0298033
0.135236
0.976494
0.115981
1
0.999853
1
0.998717
0.0300211
1
0.0829462
1
0.069983
1
1
0.739035
0.139147
0.0856028
0.983619
0.272322
0.999987
0.854558
0.950101
0.477498
0.999999
1
0.717592
0.0499825
0.122793
0.02
0.998926
0.164951
0.161948
0.0522317
0.046521
0.603356
1
0.99
0.999997
0.846178
0.822667
0.0547071
1
0
1
1
1
0.99963
0.668304
0.358861
0
0.352682
0.570084
0.03
0.795992
1
0.757197
0.0618209
0.999973
0.561417
0.757011
0.422187
1
0.999971
0.0400593
0.0502088
0.113923
0
0.210703
1
0.128918
0.521091
1
0.491059
0
1
0
1
0.254515
0.333702
1
0.113899
0.224761
0.698255
0.950961
0.123061
0.0835458
1
0.999431
1
0.395487
0.0600032
0.982133
0.438907
0.806348
0.99
0.980435
0.10825
1
1
0.102865
0.0517799
0.01
0.930115
6.9722e-16
1
1
0.786779
1
1
0.13303
0.02
0.0818189
1
0.646533
0.892581
0.0430961
1
0.950281
0.546367
0.99
0.397142
1
0.0726155
0.0805984
1
1
0.01
1
1
0.02
0.999791
0.0935419
0.683328
0.0830035
0.018324
0.0966581
0.0500657
0.468808
0.98
0.163576
0.254852
0.515284
0.0774164
0.0413202
0.0997346
0.01
1
0.997729
1
0.770388
0.656727
0.973912
1
0.972766
0.762777
0.119642
1
1
0.133825
1
0.111339
0.270062
1
0.0297618
0.0975874
0.0793659
0.999945
0.998792
0.153556
0.0606334
0.833998
1
0.0400018
0.938474
1
1
0.996967
1
0.0789022
0.503315
1
0.670471
1
0.284276
0.24374
1
1
1
0.459156
0.131261
1
0.650622
1
0.039795
1
1
1
0.127496
0.996671
0.174665
1
0.0795463
0.897693
0.150796
0
0.0877603
0.999139
0.01
0.100064
0.0670987
1
1
0.150055
1
1
2.98162e-07
0.994184
0.99
0.03
0.126459
0.0662369
0.965396
0.02
0.071554
1
0.0700453
0.353927
0.776241
1
1
1
0.214399
0.983875
0.994721
1
0.99
0.20694
1
1
0.0597009
0.0788363
0.436107
1
0.892591
0.102149
0.126332
1
1
0.856514
1
0.129172
0.065617
0.0842341
0.852638
0.0741347
1
0.820753
0.98
1
0.96
0.647119
1
0.936292
0.0801559
1
0.993747
0.472754
0.04
0.755195
0.167865
0.654822
0.61406
0.772369
0.97
0.0399284
0.161896
1
0
0.744491
0.0300438
1
0.291471
1
0.0910774
0
0.0976468
0.0847035
0.999888
0
1
0.82349
0.997293
0.0829074
0.02
0.0530152
0.01
0.169211
0.16628
0.349585
0.04
0.01
1
0.966623
0.0507899
0.933873
1
1
0.0705619
1
0.01
1
0.0982663
0.969776
1
0.0821317
0.146443
1
0.0764615
0.211384
0.999996
0.206857
0.01
0.99974
0.814431
0.0668182
1
1
1
1
0.403956
0
0.107988
0.486609
0.999968
0.688546
0.050065
0
0.461547
0.245646
0.444408
0.0948322
0.958735
0.97
1
0.911049
0.0783258
0.995302
1
0.266821
0.0764599
0.133611
1
0.0817428
1
0.91
0.957496
0.999993
0.86337
0.080571
0.874682
0.0621324
0.14737
0.086579
0.02
1
1
0.550058
0.939636
0.22157
0.0879263
0.707713
0.856752
0.994816
1
0.875233
0.0747859
0.810476
0.113695
0.367691
0.01
1
1
0.594062
0.0422011
0.00737844
0.162518
0.0388095
1
0.58723
0.190645
0.981436
0.768682
0.111167
0.196965
0.998573
0.01
0.955706
0.0399174
1
0.999994
0.14746
0.0203237
0.972757
1
0.0502961
0.01
0.263644
0.0604721
0.288467
0.04
0.55439
0.371408
0.97003
1
0.560967
0.119062
1
1
1
0.04
0.100079
1
0.0958819
0.529484
0.0783866
1
0.01
0.921416
0.654363
0.841997
0.17713
0.03
0.98
1
0.0360936
1
0.107832
0.760789
0.0870461
0.881798
1
1
1
0.586733
0.388424
1
0.999998
1
0.0798962
0.195175
0.0361629
0.864438
0.101637
0.03
0.676748
0.554548
0.209705
0.0400784
0.989584
0.185025
0.0101738
0.33339
0.992606
0.998626
0.999336
0.994446
0.849476
0.265553
0.01
1
0.238446
1
0.818665
0.415882
0.785068
0.0905355
0.0398804
1
0.861288
0.06
0.0891703
0.0299971
0.0484238
0.858887
0.190331
1
0.926867
0.0500001
1
1
0.0700915
0.610911
0.0940572
0.03
0.920176
0.0938209
0.895603
0.595466
0.826864
0.0700147
0.915112
0.508012
0.0572588
0.99
0.01
0.14029
0
1
0.570478
1
0.249103
1
1
0.195414
1
1
0.07
0.999999
0.421406
0.0605124
0.216538
0.03
0.885066
0.0894135
0.99
1
1
1
0.020438
1
0.0403594
0.965767
0.521679
0.011671
0.0888847
0.147775
0.159134
1
0.0399972
0.136246
0.417534
0
0.0948892
0.0953263
0.0902899
0.27979
0.181665
1
0.114343
0.602438
1
0.557876
1
0.446897
1
0.200276
0.200899
0
0.0601031
0.1043
1
0.128059
0.983369
0.306501
1
0.832828
0.400263
0.990861
0.0200099
0
0.0313769
1
0.119896
1
0.999995
0.67135
0.114231
0.732593
0.82455
0.665687
0
0.580666
1
0.0599896
1
0.999999
0.0962984
0.0704137
0.0873553
0.101905
0
0.768525
0.511046
0.0218295
0.324012
0.86701
0.452477
0.0499531
1
0.142256
0.691833
0.999952
0.765778
1
0.999864
0.664511
1
0.0309766
0.0842871
0.115284
1
0.01
0.104829
1
0.999983
0.0499905
1
0.492986
0.02
1
1
1
1
0.0642523
0.99
0.115094
0.906403
0.986444
0.267448
1
0.235033
0.02
0.178681
0.593347
0
0.110157
0.145195
1
1
0.0203086
0.110344
0.0582346
0.929403
0.99
0.221045
0.0879061
0.02
0.396363
1
0.84941
0.0922343
1
0.136633
0.0603142
0.10524
0.754589
0.14191
1
0.51269
1
1
0.537486
0.01
1
1
1
0.0786281
0.771741
0.291695
0.989431
0.988309
0.999352
0.133299
1
0.398733
1
0.00999906
0.03
0.157688
1
0.0527858
0.111918
0.635243
0.395297
0.999017
1
6.75088e-10
1
0.020766
0.0875929
1
0.993858
0.98
1
0.01
0.0102677
0.509835
0.0808012
0
0
0.81248
0.116035
1
0.298974
0.99
0.783617
0.589075
1
0
0.230753
5.72415e-06
0.223862
0.999998
0
0.292034
0.366273
1
1
0.01
0.996271
1
0.886445
0.99
0.224777
1
0.04
0.462277
0.321586
0.235491
1
1
0.332392
1
1
0.674586
0.18925
0.140515
0.358862
0.0503709
0.263398
1
0
0.220709
1
1
0.0500307
0.02
0.994675
1
0.137458
0.0200488
0.906861
0.225725
0.769363
1
0.107412
1
0.211857
0.197826
0.00986517
1
0.784612
0.03
1
1
0.060112
1
0.688933
0.0896397
0.552626
0.978085
0.0303078
1
0.061486
1
0.899386
0.96
1
0.0352198
0.151732
0.128236
0.111251
0.939955
1
1
0
0.275782
0.088572
0.0293466
1
0.697551
0.01
0.077547
1
0.182647
0.0599019
0.0925868
0.868637
0.992456
1
0.361357
0.0200004
0.32173
0.98
0.885853
0.265676
1
1
0.01
0.651292
0.0500009
1
0.933897
1
0.109749
1
0.0804417
0.130286
0.159256
0.518292
1
0.996268
0.309689
0.870875
0.843071
0.52686
0.0579734
0.281129
1
0.873525
0.975392
0.0918975
0.998446
0.125278
0.0192959
0
0.824575
0.994357
0.127734
0.425949
0.999986
0.127461
1
0.971806
1
0.294313
0.0600982
0.03
0.790812
0.0199372
0.921025
1
1
0
1
0.712395
0.683838
0.445388
0.0407037
0.0300186
1
0.0421179
0
0.0819616
1
0.0929229
0.999967
0.0619589
0.330955
0.0901045
0
0.999178
0.995488
0.170837
1
0.460878
0.0399635
1
1
0
0.999063
0.182096
1
0.856425
1
0.206485
0.237266
0.875186
0.975181
0.867257
0.968707
1
1
1
0.122175
0.999983
0.999914
0.0776271
0.157388
0
0.598915
0.516462
0.958382
0.344358
0.317099
0.926479
0.195558
0.112527
0.458048
0.849585
0.0960456
0.154877
1
1
1
0
1
1
1
1
0.0804276
0.80448
0.0499999
0.991078
1
0.997472
1
1
1
0.978433
0.0678572
0.191969
0.02
0.00977616
0.275753
0.999456
0.02
0.968518
0.119364
0.0338641
0.981873
0
1
0.135633
0.48848
0.475646
1
0.0409528
0.0876015
0.52791
0.110094
0.647729
0.97025
0.0935071
0.0199999
0.179634
0.33444
0.987433
0.85521
0
0.094047
0.976708
1
0.0460146
0.299137
0.0975461
0.999922
0.53863
0.0602022
1
0.999368
0.01
0.0806731
1
0.96767
1
0.01
0.992391
1
0.415877
1
0.0890774
0.4934
1
1
1
0.153757
0.0848479
0.130856
0.975306
0.994269
0.507724
0.641744
1
1
0.103794
0.999997
0.00916664
0.02
0.977092
0.0872267
0.0499678
0.34462
0.0648549
0.759023
0.212372
0.01
0.900415
0.985186
0.140498
0.975068
1
0
1
0.590157
0.169458
0.489646
0.442579
0.404668
0.100659
0.0621836
0.04
1
0.104818
1
4.00141e-05
0.101469
0.994623
1
0.670153
0.0832572
0.737037
1
0.049959
0.0828458
0.0399987
0.0808122
0.199792
0.560595
1
0.443291
0.505205
0
0.0615317
0.436667
0.999484
0.999444
0.084451
0.32412
1
0.0870351
0.507895
